{
  "advancedEditorSelectedIdentifier" : "ProjectBrowser",
  "openSceneRelativePaths" : [
    "Immersive.usda",
    "Triangles.usda"
  ],
  "recentIdentifiers" : {
    "1D572CEB-057A-41C3-B575-04C37501A3C0" : [

    ],
    "D66134B1-3681-4A8E-AFE5-29F257229F3B" : [

    ]
  },
  "sceneCameraHistory" : {
    "1D572CEB-057A-41C3-B575-04C37501A3C0" : [
      {
        "date" : 736726719.262729,
        "title" : "Untitled",
        "transform" : [
          0.9915409,
          1.1291672e-09,
          0.12979472,
          0,
          0.05685511,
          0.8989561,
          -0.4343333,
          0,
          -0.11667975,
          0.4380387,
          0.89135176,
          0,
          0.0288717,
          0.3147415,
          1.6838026,
          1
        ]
      },
      {
        "date" : 736726683.168837,
        "title" : "Untitled",
        "transform" : [
          0.9915409,
          1.1291672e-09,
          0.12979472,
          0,
          0.05685511,
          0.8989561,
          -0.4343333,
          0,
          -0.11667975,
          0.4380387,
          0.89135176,
          0,
          0.0288717,
          0.3147415,
          1.6838026,
          1
        ]
      },
      {
        "date" : 736726676.360543,
        "title" : "Untitled",
        "transform" : [
          0.9915409,
          1.1291672e-09,
          0.12979472,
          0,
          0.05685511,
          0.8989561,
          -0.4343333,
          0,
          -0.11667975,
          0.4380387,
          0.89135176,
          0,
          -0.015545517,
          0.7021375,
          1.4876095,
          1
        ]
      },
      {
        "date" : 736726672.360926,
        "title" : "Untitled",
        "transform" : [
          0.9915409,
          1.1291672e-09,
          0.12979472,
          0,
          0.05685511,
          0.8989561,
          -0.4343333,
          0,
          -0.11667975,
          0.4380387,
          0.89135176,
          0,
          -0.22375214,
          0.92419684,
          1.3512279,
          1
        ]
      },
      {
        "date" : 736726663.678657,
        "title" : "Untitled",
        "transform" : [
          0.8868981,
          8.857104e-07,
          0.46196514,
          0,
          0.19819492,
          0.9032915,
          -0.3805038,
          0,
          -0.41728956,
          0.42902726,
          0.8011274,
          0,
          -0.62522453,
          0.296355,
          1.5569545,
          1
        ]
      },
      {
        "date" : 736726659.277194,
        "title" : "Untitled",
        "transform" : [
          0.8868981,
          8.857104e-07,
          0.46196514,
          0,
          0.19819492,
          0.9032915,
          -0.3805038,
          0,
          -0.41728956,
          0.42902726,
          0.8011274,
          0,
          -0.12643826,
          0.6553341,
          1.6245176,
          1
        ]
      },
      {
        "date" : 736726649.026583,
        "title" : "Untitled",
        "transform" : [
          0.8868981,
          8.857104e-07,
          0.46196514,
          0,
          0.19819492,
          0.9032915,
          -0.3805038,
          0,
          -0.41728956,
          0.42902726,
          0.8011274,
          0,
          -0.36917835,
          0.7392784,
          1.4531249,
          1
        ]
      },
      {
        "date" : 736295103.407841,
        "title" : "Untitled",
        "transform" : [
          0.8904176,
          8.857104e-07,
          0.4551445,
          0,
          0.19526868,
          0.9032915,
          -0.38201377,
          0,
          -0.41112852,
          0.42902726,
          0.8043065,
          0,
          -0.8093347,
          0.87280494,
          0.5730101,
          1
        ]
      },
      {
        "date" : 736295084.507796,
        "title" : "Untitled",
        "transform" : [
          0.9986698,
          -9.827386e-10,
          -0.05156184,
          0,
          -0.045792278,
          0.45964238,
          -0.8869228,
          0,
          0.023700008,
          0.88810414,
          0.459031,
          0,
          0.07527186,
          1.8067392,
          -0.12941301,
          1
        ]
      },
      {
        "date" : 736294993.343947,
        "title" : "Untitled",
        "transform" : [
          0.9986698,
          -9.827386e-10,
          -0.05156184,
          0,
          -0.045792278,
          0.45964238,
          -0.8869228,
          0,
          0.023700008,
          0.88810414,
          0.459031,
          0,
          0.030502424,
          1.8007255,
          -0.11546707,
          1
        ]
      }
    ],
    "230D89EC-771C-4B5B-B09F-794247A4A3B3" : [
      {
        "date" : 736726697.789301,
        "title" : "Untitled",
        "transform" : [
          0.99999994,
          0,
          0,
          0,
          0,
          0.8660236,
          -0.500003,
          0,
          0,
          0.500003,
          0.8660236,
          0,
          3.0446482,
          3.9915557,
          5.6226597,
          1
        ]
      },
      {
        "date" : 736726694.010658,
        "title" : "Untitled",
        "transform" : [
          0.99999994,
          0,
          -0,
          0,
          -0,
          0.8660236,
          -0.500003,
          0,
          0,
          0.500003,
          0.8660236,
          0,
          0.002542734,
          4.6155076,
          5.2624187,
          1
        ]
      }
    ],
    "D66134B1-3681-4A8E-AFE5-29F257229F3B" : [
      {
        "date" : 736293936.610794,
        "title" : "Untitled",
        "transform" : [
          0.9966934,
          1.4408841e-09,
          -0.08125495,
          0,
          -0.047433037,
          0.81192946,
          -0.5818254,
          0,
          0.0659733,
          0.5837556,
          0.8092447,
          0,
          -0.15369378,
          0.83863026,
          0.5437959,
          1
        ]
      },
      {
        "date" : 736293932.277043,
        "title" : "Untitled",
        "transform" : [
          0.9966934,
          1.4408841e-09,
          -0.08125495,
          0,
          -0.047433037,
          0.81192946,
          -0.5818254,
          0,
          0.0659733,
          0.5837556,
          0.8092447,
          0,
          -0.13584486,
          0.9965641,
          0.76273537,
          1
        ]
      },
      {
        "date" : 736293921.910592,
        "title" : "Untitled",
        "transform" : [
          0.9913123,
          3.621527e-09,
          0.131529,
          0,
          0.11341385,
          0.50644445,
          -0.85478145,
          0,
          -0.06661214,
          0.86227256,
          0.5020447,
          0,
          -0.42672974,
          1.8274893,
          2.9955444,
          1
        ]
      },
      {
        "date" : 736293917.296853,
        "title" : "Untitled",
        "transform" : [
          0.9913123,
          3.621527e-09,
          0.131529,
          0,
          0.11341385,
          0.50644445,
          -0.85478145,
          0,
          -0.06661214,
          0.86227256,
          0.5020447,
          0,
          -0.9753821,
          8.929599,
          7.1306353,
          1
        ]
      },
      {
        "date" : 736293892.877363,
        "title" : "Untitled",
        "transform" : [
          0.9927809,
          -1.4882211e-09,
          -0.119941525,
          0,
          -0.07543573,
          0.77745587,
          -0.62439716,
          0,
          0.093249254,
          0.6289374,
          0.7718434,
          0,
          0.07772237,
          0.18562205,
          0.8622508,
          1
        ]
      },
      {
        "date" : 736293874.176642,
        "title" : "Untitled",
        "transform" : [
          0.9997645,
          1.6360158e-10,
          -0.021699686,
          0,
          -0.021686468,
          0.034899548,
          -0.9991555,
          0,
          0.0007573113,
          0.99939084,
          0.034891363,
          0,
          -0.016981084,
          0.77507627,
          0.42771628,
          1
        ]
      },
      {
        "date" : 736293869.644303,
        "title" : "Untitled",
        "transform" : [
          0.99999994,
          0,
          0,
          0,
          0,
          0.86602527,
          -0.5000003,
          0,
          0,
          0.5000003,
          0.86602527,
          0,
          -0.026258394,
          0.04840213,
          0.8837084,
          1
        ]
      },
      {
        "date" : 736293798.517951,
        "title" : "Untitled",
        "transform" : [
          0.99999994,
          0,
          -0,
          0,
          -0,
          0.86602527,
          -0.5000003,
          0,
          0,
          0.5000003,
          0.86602527,
          0,
          0,
          0.39475736,
          0.6837399,
          1
        ]
      }
    ]
  },
  "selectedSceneRelativePath" : "Immersive.usda"
}